COSMOS 1408 DEB         
1 49527U 82092Q   25046.33583653  .00151597  00000+0  53681-2 0  9993
2 49527  82.3574 140.4035 0170760 357.2426   2.7844 15.15862737171082
COSMOS 1408 DEB         
1 49537U 82092AA  25046.51726421  .00058292  00000+0  13978-2 0  9999
2 49537  82.5418  50.3255 0077643 282.1034  77.1519 15.38002636179028
COSMOS 1408 DEB         
1 50032U 82092RU  25046.36846848  .00008501  00000+0  19793-3 0  9990
2 50032  82.5673   5.4802 0015581 215.8214 144.1990 15.41975641179698
COSMOS 1408 DEB         
1 50058U 82092SW  25046.40192853  .00026307  00000+0  49008-3 0  9999
2 50058  82.6152  19.7043 0025733 122.8564 237.5169 15.48308780181351
COSMOS 1408 DEB         
1 50404U 82092ADS 25046.54646172  .00077604  00000+0  56045-2 0  9991
2 50404  82.2306 150.9441 0311302 113.9223 249.4925 14.72267060167230
COSMOS 1408 DEB         
1 50621U 82092ALR 25046.40586924  .00024002  00000+0  53377-3 0  9995
2 50621  82.5764  23.2740 0039499 165.0783 195.1641 15.42660310176009
COSMOS 1408 DEB         
1 50689U 82092APM 25046.27486682  .00429695  76953-4  85637-3 0  9990
2 50689  82.4981 345.7373 0015170  62.6356 297.6464 15.99604667176595
COSMOS 1408 DEB         
1 51184U 82092AZJ 25046.13394493  .00110029  00000+0  69369-3 0  9991
2 51184  82.4857 343.8022 0013865  64.8375 295.4327 15.76177969174386
COSMOS 1408 DEB         
1 51435U 82092BKH 25046.35744690  .00488329  91327-4  14350-2 0  9999
2 51435  82.5362  16.6619 0021224 152.0906 208.1512 15.92252688171847
COSMOS 1408 DEB         
1 52066U 82092BUU 25045.01987181  .00147036  00000+0  16456-2 0  9995
2 52066  82.4954  59.2947 0056615 340.9615  18.9523 15.60227879163386
